0 
     x 
0 
     0 
0 
     0 
0 
     0 
0 
     0 
1 
 13108 
1 
 10055 
1 
  8471 
1 
  4663 
1 
 11733 
0 
 11733 
1 
  7989 
0 
  7989 
0 
  7989 
0 
  7989 
1 
 16689 
0 
 16689 
0 
 16689 
0 
 16689 
1 
 13213 
1 
  7291 
0 
  7291 
1 
  5676 
0 
  5676 
1 
  4976 
1 
  9836 
1 
 -2229 
1 
  5295 
1 
 -4145 
0 
 -4145 
1 
 -4217 
1 
 -4147 
0 
 -4147 
1 
 -4060 
1 
 -3928 
1 
 -1629 
0 
 -1629 
0 
 -1629 
0 
 -1629 
0 
 -1629 
1 
 -8865 
0 
 -8865 
1 
 -7790 
0 
 -7790 
0 
 -7790 
1 
 -2282 
1 
-11354 
0 
-11354 
0 
-11354 
0 
-11354 
0 
-11354 
0 
-11354 
0 
-11354 
1 
-12754 
0 
-12754 
1 
-13004 
1 
-14885 
0 
-14885 
1 
-13889 
0 
-13889 
0 
-13889 
0 
-13889 
1 
-17174 
0 
-17174 
1 
-11132 
1 
-16606 
0 
-16606 
0 
-16606 
0 
-16606 
0 
-16606 
0 
-16606 
1 
 -7336 
0 
 -7336 
0 
 -7336 
0 
 -7336 
0 
 -7336 
0 
 -7336 
0 
 -7336 
1 
 -7392 
1 
 -6573 
0 
 -6573 
1 
 -5941 
1 
 -5087 
1 
 -5098 
1 
  1002 
1 
  7307 
0 
  7307 
0 
  7307 
0 
  7307 
1 
 13027 
1 
 12921 
1 
 12649 
1 
 19469 
1 
 17104 
1 
 26083 
1 
 29791 
1 
 30619 
0 
 30619 
1 
 28179 
0 
 28179 
1 
-29482 
1 
-24725 
1 
-21605 
0 
-21605 
0 
-21605 
1 
-21137 
1 
 32429 
1 
-23228 
0 
-23228 
1 
-22193 
0 
-22193 
0 
-22193 
0 
-22193 
1 
-20102 
1 
-19989 
0 
-19989 
0 
-19989 
0 
-19989 
0 
-19989 
1 
-27234 
0 
-27234 
1 
-22950 
1 
 31762 
0 
 31762 
0 
 31762 
0 
 31762 
0 
 31762 
1 
-30078 
1 
-26424 
0 
-26424 
0 
-26424 
1 
-23772 
0 
-23772 
1 
-19402 
1 
-13514 
1 
-19574 
1 
-18870 
1 
-18866 
0 
-18866 
0 
-18866 
1 
-15764 
0 
-15764 
0 
-15764 
0 
-15764 
0 
-15764 
0 
-15764 
1 
-13414 
1 
-15262 
1 
-15746 
0 
-15746 
0 
-15746 
0 
-15746 
0 
-15746 
1 
-16982 
1 
-13238 
1 
-21602 
1 
-27779 
0 
-27779 
1 
 29501 
0 
 29501 
1 
-26405 
1 
-23080 
0 
-23080 
0 
-23080 
1 
-23806 
1 
-21408 
1 
 30984 
0 
 30984 
0 
 30984 
0 
 30984 
0 
 30984 
1 
 29840 
0 
 29840 
0 
 29840 
1 
 29931 
0 
 29931 
1 
-25925 
1 
-22061 
1 
-25633 
1 
-22562 
0 
-22562 
1 
-20896 
0 
-20896 
1 
-26324 
0 
-26324 
1 
-23174 
1 
-15439 
0 
-15439 
0 
-15439 
1 
-14438 
0 
-14438 
0 
-14438 
1 
-13877 
0 
-13877 
1 
-21547 
0 
-21547 
1 
-22261 
0 
-22261 
1 
-21520 
0 
-21520 
0 
-21520 
0 
-21520 
0 
-21520 
1 
-20752 
0 
-20752 
1 
-17089 
0 
-17089 
0 
-17089 
1 
-25839 
0 
-25839 
1 
-25517 
0 
-25517 
1 
-26068 
1 
-23998 
0 
-23998 
1 
-19986 
0 
-19986 
1 
 -6180 
1 
 -3880 
0 
 -3880 
1 
 -6100 
1 
 -5848 
0 
 -5848 
1 
-16528 
1 
 -7294 
0 
 -7294 
1 
-17462 
1 
-28901 
0 
-28901 
0 
-28901 
0 
-28901 
0 
-28901 
1 
-28133 
0 
-28133 
0 
-28133 
1 
-26315 
1 
-26511 
1 
-25665 
1 
-22145 
0 
-22145 
1 
-14675 
1 
-14675 
1 
-13456 
1 
-22312 
0 
-22312 
0 
-22312 
0 
-22312 
1 
-22137 
1 
-18315 
1 
-18306 
0 
-18306 
0 
-18306 
1 
-18871 
0 
-18871 
1 
-27557 
0 
-27557 
1 
-15993 
0 
-15993 
0 
-15993 
0 
-15993 
0 
-15993 
0 
-15993 
1 
-20793 
1 
-20593 
0 
-20593 
1 
-21209 
0 
-21209 
0 
-21209 
1 
-23109 
0 
-23109 
0 
-23109 
0 
-23109 
0 
-23109 
0 
-23109 
1 
-20253 
1 
 -9726 
1 
-15695 
1 
 -9695 
1 
-20150 
1 
-23190 
1 
-18067 
1 
-20267 
1 
-19027 
0 
-19027 
1 
-19622 
0 
-19622 
1 
-20496 
0 
-20496 
1 
-14016 
1 
-15332 
1 
-14981 
1 
-21935 
0 
-21935 
0 
-21935 
1 
-23783 
0 
-23783 
0 
-23783 
0 
-23783 
0 
-23783 
0 
-23783 
0 
-23783 
0 
-23783 
0 
-23783 
1 
-22271 
0 
-22271 
1 
-24126 
0 
-24126 
0 
-24126 
0 
-24126 
0 
-24126 
0 
-24126 
1 
-20616 
1 
-17672 
1 
-15846 
0 
-15846 
1 
-25526 
0 
-25526 
1 
-26498 
0 
-26498 
1 
-22850 
1 
-26136 
1 
-31386 
1 
-29426 
0 
-29426 
1 
-27494 
0 
-27494 
0 
-27494 
1 
-20669 
1 
-18205 
1 
 -9313 
0 
 -9313 
1 
 -2949 
1 
 -9739 
1 
  1481 
1 
   292 
0 
   292 
1 
   648 
1 
  5256 
1 
  7080 
0 
  7080 
0 
  7080 
0 
  7080 
1 
  6550 
1 
 14194 
1 
 22015 
1 
 22596 
1 
 20612 
1 
 20713 
1 
 15663 
1 
  7853 
0 
  7853 
0 
  7853 
1 
 12325 
1 
  7323 
1 
  9633 
0 
  9633 
1 
  9333 
1 
  9753 
1 
 12432 
1 
 12503 
1 
  6586 
0 
  6586 
0 
  6586 
1 
  4962 
0 
  4962 
1 
  -931 
1 
 -2251 
1 
-12657 
1 
-12072 
0 
-12072 
1 
-17316 
0 
-17316 
0 
-17316 
0 
-17316 
1 
 -8436 
1 
 -8810 
0 
 -8810 
0 
 -8810 
1 
 -1174 
0 
 -1174 
0 
 -1174 
1 
   806 
0 
   806 
1 
 -2611 
0 
 -2611 
1 
 -3807 
1 
 -1707 
0 
 -1707 
0 
 -1707 
1 
 -1443 
0 
 -1443 
0 
 -1443 
1 
  3429 
0 
  3429 
0 
  3429 
0 
  3429 
1 
  2604 
0 
  2604 
0 
  2604 
1 
  1262 
0 
  1262 
1 
 -7058 
1 
-10589 
0 
-10589 
1 
 -2373 
0 
 -2373 
1 
 -8031 
1 
  4809 
1 
 10965 
0 
 10965 
0 
 10965 
0 
 10965 
1 
 16394 
0 
 16394 
0 
 16394 
0 
 16394 
1 
 11978 
0 
 11978 
0 
 11978 
0 
 11978 
1 
 16136 
0 
 16136 
1 
 19025 
0 
 19025 
1 
 13755 
1 
  -641 
1 
   613 
1 
-13992 
0 
-13992 
1 
-29613 
0 
-29613 
0 
-29613 
0 
-29613 
1 
-30765 
0 
-30765 
1 
-30413 
1 
 20147 
0 
 20147 
0 
 20147 
0 
 20147 
0 
 20147 
1 
 24602 
0 
 24602 
0 
 24602 
0 
 24602 
1 
 14805 
0 
 14805 
1 
  9261 
1 
 13911 
1 
 21671 
0 
 21671 
1 
-31299 
0 
-31299 
1 
-25615 
0 
-25615 
1 
-25615 
1 
-29113 
1 
-29357 
1 
-32261 
0 
-32261 
1 
 25464 
0 
 25464 
0 
 25464 
0 
 25464 
1 
 25760 
1 
-25496 
0 
-25496 
0 
-25496 
0 
-25496 
0 
-25496 
1 
-24504 
1 
-30392 
0 
-30392 
1 
-32107 
1 
 30239 
0 
 30239 
1 
 19737 
0 
 19737 
1 
 19735 
0 
 19735 
1 
 20505 
1 
 22766 
0 
 22766 
1 
 30586 
0 
 30586 
0 
 30586 
0 
 30586 
1 
-30505 
0 
-30505 
1 
 23061 
1 
 26868 
0 
 26868 
1 
 20024 
1 
 13799 
1 
 16769 
1 
 16065 
1 
 15345 
0 
 15345 
0 
 15345 
1 
  5193 
0 
  5193 
1 
 -1814 
1 
  9016 
0 
  9016 
0 
  9016 
1 
  9390 
0 
  9390 
1 
 -1571 
1 
   873 
0 
   873 
0 
   873 
1 
  -362 
1 
 -5615 
1 
-10987 
1 
-10987 
0 
-10987 
0 
-10987 
1 
-10474 
1 
 -9312 
0 
 -9312 
0 
 -9312 
1 
-11554 
1 
-12230 
1 
-12974 
1 
-26118 
1 
-23443 
0 
-23443 
1 
-18217 
1 
 31944 
1 
-29832 
0 
-29832 
0 
-29832 
1 
 30292 
1 
 24172 
1 
 19276 
0 
 19276 
1 
 17918 
1 
 22426 
0 
 22426 
1 
 18345 
0 
 18345 
0 
 18345 
1 
 14624 
1 
  4439 
0 
  4439 
0 
  4439 
1 
 -2641 
1 
  7529 
0 
  7529 
0 
  7529 
1 
  8024 
1 
  7952 
0 
  7952 
1 
  5139 
0 
  5139 
0 
  5139 
0 
  5139 
1 
 -1665 
0 
 -1665 
0 
 -1665 
1 
   435 
0 
   435 
0 
   435 
1 
   908 
1 
  6249 
0 
  6249 
1 
  7173 
0 
  7173 
0 
  7173 
1 
  5625 
1 
  6650 
1 
  6557 
0 
  6557 
1 
  6122 
0 
  6122 
1 
  6394 
0 
  6394 
1 
 15415 
0 
 15415 
0 
 15415 
0 
 15415 
1 
 12709 
1 
 11746 
1 
 12986 
0 
 12986 
0 
 12986 
0 
 12986 
1 
 21016 
0 
 21016 
0 
 21016 
1 
 11041 
1 
 10641 
0 
 10641 
1 
 11729 
1 
   785 
0 
   785 
0 
   785 
1 
-10900 
0 
-10900 
0 
-10900 
1 
-10976 
1 
 -9472 
0 
 -9472 
0 
 -9472 
0 
 -9472 
1 
-11752 
1 
-19164 
0 
-19164 
0 
-19164 
1 
-16514 
1 
 -7166 
1 
 -8439 
1 
  4777 
1 
  5077 
0 
  5077 
1 
  3279 
0 
  3279 
0 
  3279 
1 
 19281 
1 
 14151 
1 
 17632 
0 
 17632 
0 
 17632 
1 
 19810 
0 
 19810 
1 
 32031 
1 
 30678 
0 
 30678 
1 
 30414 
1 
 29689 
1 
 25861 
0 
 25861 
1 
 26281 
1 
 26446 
0 
 26446 
1 
 30118 
1 
-28686 
1 
-24626 
1 
-26888 
0 
-26888 
0 
-26888 
1 
-22730 
1 
 -8456 
0 
 -8456 
0 
 -8456 
0 
 -8456 
0 
 -8456 
1 
 -9219 
1 
-12474 
0 
-12474 
1 
-11334 
0 
-11334 
1 
   403 
0 
   403 
1 
 10083 
1 
 14733 
0 
 14733 
0 
 14733 
1 
 18813 
1 
 18813 
0 
 18813 
0 
 18813 
0 
 18813 
0 
 18813 
0 
 18813 
1 
 19979 
0 
 19979 
0 
 19979 
1 
 19979 
0 
 19979 
0 
 19979 
1 
 18529 
1 
  6712 
1 
 19326 
0 
 19326 
0 
 19326 
0 
 19326 
0 
 19326 
0 
 19326 
1 
 20310 
0 
 20310 
0 
 20310 
1 
 15531 
1 
 13071 
0 
 13071 
0 
 13071 
1 
 18837 
1 
 13839 
1 
 10575 
0 
 10575 
0 
 10575 
0 
 10575 
0 
 10575 
0 
 10575 
0 
 10575 
1 
  9937 
1 
 18517 
1 
 18523 
0 
 18523 
1 
 23515 
0 
 23515 
0 
 23515 
1 
 21370 
1 
 21688 
0 
 21688 
1 
 16120 
1 
 24100 
1 
 25392 
1 
 25287 
1 
 13369 
1 
  7975 
0 
  7975 
1 
 13311 
0 
 13311 
1 
 14875 
0 
 14875 
1 
 15977 
0 
 15977 
1 
 12499 
0 
 12499 
0 
 12499 
1 
 27485 
1 
-25607 
1 
-25815 
0 
-25815 
1 
-24583 
0 
-24583 
0 
-24583 
1 
-19225 
0 
-19225 
1 
-19139 
1 
-19661 
1 
-11561 
1 
 -9041 
0 
 -9041 
0 
 -9041 
0 
 -9041 
0 
 -9041 
1 
-18205 
1 
-18690 
1 
-23440 
0 
-23440 
1 
-19588 
0 
-19588 
0 
-19588 
1 
-11716 
0 
-11716 
1 
 -9691 
1 
 -8026 
0 
 -8026 
1 
-16853 
1 
-28193 
1 
-28541 
1 
 23443 
0 
 23443 
1 
 17078 
1 
 17478 
0 
 17478 
1 
 14172 
0 
 14172 
1 
 13668 
1 
 15689 
0 
 15689 
0 
 15689 
0 
 15689 
1 
 17796 
1 
 14386 
1 
 23577 
1 
 23689 
1 
 23773 
1 
-32218 
0 
-32218 
1 
-17359 
1 
-20723 
1 
-14587 
0 
-14587 
1 
-20677 
0 
-20677 
0 
-20677 
1 
-21081 
0 
-21081 
1 
-20399 
0 
-20399 
1 
-29899 
1 
 30962 
0 
 30962 
0 
 30962 
1 
-22643 
0 
-22643 
1 
-31573 
0 
-31573 
1 
 29067 
1 
 27871 
0 
 27871 
1 
 27381 
1 
 22651 
0 
 22651 
0 
 22651 
1 
 18571 
1 
 15399 
0 
 15399 
0 
 15399 
0 
 15399 
1 
 14175 
